0 0 0 0 0 0 0 0 
0 0 0 1 0.0101010101010101 0 0 0 
0 0 0 2 0.0202020202020202 0 0 0 
0 0 0 3 0.0303030303030303 0 0 0 
0 0 0 4 0.04040404040404041 0 0 1 
0 0 0 5 0.0505050505050505 0 0 1 
0 0 0 6 0.06060606060606061 0 0 0 
0 0 0 7 0.0707070707070707 0 0 7 
0 0 0 8 0.08080808080808082 0 0 13 
0 0 0 9 0.09090909090909091 0 0 11 
0 0 0 10 0.101010101010101 0 0 24 
0 0 0 11 0.1111111111111111 0 0 23 
0 0 0 12 0.1212121212121212 0 0 31 
0 0 0 13 0.1313131313131313 0 0 28 
0 0 0 14 0.1414141414141414 0 0 43 
0 0 0 15 0.1515151515151515 0 0 58 
0 0 0 16 0.1616161616161616 0 0 67 
0 0 0 17 0.1717171717171717 0 0 67 
0 0 0 18 0.1818181818181818 0 0 103 
0 0 0 19 0.1919191919191919 0 0 114 
0 0 0 20 0.202020202020202 0 0 150 
0 0 0 21 0.2121212121212121 0 0 157 
0 0 0 22 0.2222222222222222 0 0 142 
0 0 0 23 0.2323232323232323 0 0 179 
0 0 0 24 0.2424242424242424 0 0 190 
0 0 0 25 0.2525252525252525 0 0 221 
0 0 0 26 0.2626262626262627 0 0 262 
0 0 0 27 0.2727272727272727 0 0 295 
0 0 0 28 0.2828282828282828 0 0 307 
0 0 0 29 0.2929292929292929 0 0 355 
0 0 0 30 0.303030303030303 0 0 394 
0 0 0 31 0.3131313131313132 0 0 442 
0 0 0 32 0.3232323232323233 0 0 500 
0 0 0 33 0.3333333333333333 0 0 522 
0 0 0 34 0.3434343434343434 0 0 590 
0 0 0 35 0.3535353535353535 0 0 608 
0 0 0 36 0.3636363636363637 0 0 656 
0 0 0 37 0.3737373737373738 0 0 784 
0 0 0 38 0.3838383838383838 0 0 855 
0 0 0 39 0.3939393939393939 0 0 1007 
0 0 0 40 0.404040404040404 0 0 1141 
0 0 0 41 0.4141414141414141 0 0 1238 
0 0 0 42 0.4242424242424243 0 0 1471 
0 0 0 43 0.4343434343434344 0 0 1721 
0 0 0 44 0.4444444444444444 0 0 1969 
0 0 0 45 0.4545454545454545 0 0 2439 
0 0 0 46 0.4646464646464646 0 0 2980 
0 0 0 47 0.4747474747474748 0 0 3652 
0 0 0 48 0.4848484848484849 0 0 4358 
0 0 0 49 0.494949494949495 0 0 5538 
0 0 0 50 0.5050505050505051 0 0 6989 
0 0 0 51 0.5151515151515151 0 0 8580 
0 0 0 52 0.5252525252525253 0 0 10832 
0 0 0 53 0.5353535353535354 0 0 13708 
0 0 0 54 0.5454545454545454 0 0 17331 
0 0 0 55 0.5555555555555556 0 0 22060 
0 0 0 56 0.5656565656565656 0 0 28000 
0 0 0 57 0.5757575757575758 0 0 35354 
0 0 0 58 0.5858585858585859 0 0 44724 
0 0 0 59 0.5959595959595959 0 0 55272 
0 0 0 60 0.6060606060606061 0 0 68605 
0 0 0 61 0.6161616161616161 0 0 83291 
0 0 0 62 0.6262626262626263 0 0 101311 
0 0 0 63 0.6363636363636364 0 0 122327 
0 0 0 64 0.6464646464646465 0 0 146088 
0 0 0 65 0.6565656565656566 0 0 173200 
0 0 0 66 0.6666666666666666 0 0 202207 
0 0 0 67 0.6767676767676768 0 0 233278 
0 0 0 68 0.6868686868686869 0 0 265893 
0 0 0 69 0.696969696969697 0 0 300943 
0 0 0 70 0.7070707070707071 0 0 336708 
0 0 0 71 0.7171717171717171 0 0 373589 
0 0 0 72 0.7272727272727273 0 0 409707 
0 0 0 73 0.7373737373737374 0 0 446522 
0 0 0 74 0.7474747474747475 0 0 482158 
0 0 0 75 0.7575757575757576 0 0 523358 
0 0 0 76 0.7676767676767676 0 0 560349 
0 0 0 77 0.7777777777777778 0 0 595692 
0 0 0 78 0.7878787878787879 0 0 631514 
0 0 0 79 0.797979797979798 0 0 665914 
0 0 0 80 0.8080808080808081 0 0 703041 
0 0 0 81 0.8181818181818182 0 0 736135 
0 0 0 82 0.8282828282828283 0 0 768223 
0 0 0 83 0.8383838383838383 0 0 798534 
0 0 0 84 0.8484848484848485 0 0 825709 
0 0 0 85 0.8585858585858586 0 0 846483 
0 0 0 86 0.8686868686868687 0 0 863433 
0 0 0 87 0.8787878787878788 0 0 869549 
0 0 0 88 0.8888888888888888 0 0 867402 
0 0 0 89 0.898989898989899 0 0 850837 
0 0 0 90 0.9090909090909091 0 0 826889 
0 0 0 91 0.9191919191919192 0 0 785852 
0 0 0 92 0.9292929292929293 0 0 728492 
0 0 0 93 0.9393939393939395 0 0 658372 
0 0 0 94 0.9494949494949495 0 0 572012 
0 0 0 95 0.9595959595959596 0 0 471057 
0 0 0 96 0.9696969696969697 0 0 357467 
0 0 0 97 0.9797979797979798 0 0 240071 
0 0 0 98 0.9898989898989899 0 0 124310 
0 0 0 99 1 0 0 29067 
